race,outcome,term,estimate,std.error,statistic,p.value,lci,hci,or,or_lci,or_hci,reference,p,out
NHW,ADRD + MCI,"Unfavourable, e2+",0.23,0.15,1.53,0.12582201286675654,-0.07,0.53,1.26,0.94,1.7,FALSE,0.12582,"OR [95% CI] = 1.26 [0.94, 1.7], p = 0.12582"
NHW,ADRD + MCI,"Unfavourable, e3/e3",0.27,0.06,4.43,9.28869817098306e-6,0.15,0.39,1.31,1.16,1.47,FALSE,9.3e-06,"OR [95% CI] = 1.31 [1.16, 1.47], p = 9.3e-06"
NHW,ADRD + MCI,"Unfavourable, e4+",1.09,0.07,15.32,5.708416121512294e-53,0.95,1.23,2.97,2.58,3.41,FALSE,5.7e-53,"OR [95% CI] = 2.97 [2.58, 3.41], p = 5.7e-53"
NHW,ADRD + MCI,"Favourable, e2+",-0.71,0.13,-5.53,3.2217322250115105e-8,-0.96,-0.46,0.49,0.38,0.63,FALSE,3.2e-08,"OR [95% CI] = 0.49 [0.38, 0.63], p = 3.2e-08"
NHW,ADRD + MCI,"Favourable, e3/e3",-0.44,0.06,-7.21,5.60554335716381e-13,-0.56,-0.32,0.64,0.57,0.72,FALSE,5.6e-13,"OR [95% CI] = 0.64 [0.57, 0.72], p = 5.6e-13"
NHW,ADRD + MCI,"Favourable, e4+",0.53,0.07,7.97,1.6252811858198987e-15,0.4,0.67,1.71,1.5,1.95,FALSE,1.6e-15,"OR [95% CI] = 1.71 [1.5, 1.95], p = 1.6e-15"
NHW,ADRD + MCI,"Intermediate, e2+",-0.33,0.07,-4.63,3.6483821879273816e-6,-0.47,-0.19,0.72,0.63,0.83,FALSE,3.6e-06,"OR [95% CI] = 0.72 [0.63, 0.83], p = 3.6e-06"
NHW,ADRD + MCI,"Intermediate, e4+",0.9,0.04,21.96,7.341569095174144e-107,0.82,0.98,2.45,2.26,2.66,FALSE,< 1e-100,"OR [95% CI] = 2.45 [2.26, 2.66], p = < 1e-100"
Latinx,ADRD + MCI,"Unfavourable, e2+",0.18,0.64,0.28,0.776687862980236,-1.08,1.44,1.2,0.34,4.23,FALSE,0.77669,"OR [95% CI] = 1.2 [0.34, 4.23], p = 0.77669"
Latinx,ADRD + MCI,"Unfavourable, e3/e3",0.6,0.2,3.06,0.002214759946698515,0.21,0.98,1.82,1.24,2.67,FALSE,0.00221,"OR [95% CI] = 1.82 [1.24, 2.67], p = 0.00221"
Latinx,ADRD + MCI,"Unfavourable, e4+",1.09,0.24,4.52,6.098575330580435e-6,0.62,1.56,2.98,1.86,4.78,FALSE,6.1e-06,"OR [95% CI] = 2.98 [1.86, 4.78], p = 6.1e-06"
Latinx,ADRD + MCI,"Favourable, e2+",-1.04,0.67,-1.56,0.11774618166490647,-2.35,0.26,0.35,0.09,1.3,FALSE,0.11775,"OR [95% CI] = 0.35 [0.09, 1.3], p = 0.11775"
Latinx,ADRD + MCI,"Favourable, e3/e3",-0.49,0.27,-1.82,0.06814785579173187,-1.03,0.04,0.61,0.36,1.04,FALSE,0.06815,"OR [95% CI] = 0.61 [0.36, 1.04], p = 0.06815"
Latinx,ADRD + MCI,"Favourable, e4+",0.14,0.34,0.42,0.6734044256732776,-0.52,0.8,1.15,0.59,2.23,FALSE,0.67340,"OR [95% CI] = 1.15 [0.59, 2.23], p = 0.67340"
Latinx,ADRD + MCI,"Intermediate, e2+",0.17,0.41,0.42,0.6748546440552081,-0.63,0.97,1.19,0.53,2.64,FALSE,0.67485,"OR [95% CI] = 1.19 [0.53, 2.64], p = 0.67485"
Latinx,ADRD + MCI,"Intermediate, e4+",0.63,0.18,3.45,5.687846478289761e-4,0.27,0.99,1.88,1.31,2.68,FALSE,0.00057,"OR [95% CI] = 1.88 [1.31, 2.68], p = 0.00057"
Black,ADRD + MCI,"Unfavourable, e2+",0.32,0.3,1.08,0.2823601299308973,-0.27,0.91,1.38,0.77,2.49,FALSE,0.28236,"OR [95% CI] = 1.38 [0.77, 2.49], p = 0.28236"
Black,ADRD + MCI,"Unfavourable, e3/e3",0.07,0.18,0.41,0.6794488411104784,-0.28,0.43,1.08,0.76,1.53,FALSE,0.67945,"OR [95% CI] = 1.08 [0.76, 1.53], p = 0.67945"
Black,ADRD + MCI,"Unfavourable, e4+",0.9,0.16,5.6,2.1925379647682752e-8,0.59,1.22,2.47,1.8,3.38,FALSE,2.2e-08,"OR [95% CI] = 2.47 [1.8, 3.38], p = 2.2e-08"
Black,ADRD + MCI,"Favourable, e2+",-0.58,0.4,-1.44,0.15025638189994173,-1.37,0.21,0.56,0.25,1.23,FALSE,0.15026,"OR [95% CI] = 0.56 [0.25, 1.23], p = 0.15026"
Black,ADRD + MCI,"Favourable, e3/e3",0.17,0.23,0.71,0.4789837553300674,-0.29,0.62,1.18,0.75,1.86,FALSE,0.47898,"OR [95% CI] = 1.18 [0.75, 1.86], p = 0.47898"
Black,ADRD + MCI,"Favourable, e4+",0.93,0.19,4.76,1.967730891209777e-6,0.54,1.31,2.52,1.72,3.69,FALSE,2.0e-06,"OR [95% CI] = 2.52 [1.72, 3.69], p = 2.0e-06"
Black,ADRD + MCI,"Intermediate, e2+",-0.5,0.2,-2.51,0.012028457902895088,-0.89,-0.11,0.61,0.41,0.9,FALSE,0.01203,"OR [95% CI] = 0.61 [0.41, 0.9], p = 0.01203"
Black,ADRD + MCI,"Intermediate, e4+",0.89,0.12,7.7,1.3443556879689737e-14,0.66,1.11,2.43,1.94,3.05,FALSE,1.3e-14,"OR [95% CI] = 2.43 [1.94, 3.05], p = 1.3e-14"
Asian,ADRD + MCI,"Unfavourable, e2+",1.32,0.83,1.6,0.11042270965736867,-0.3,2.94,3.75,0.74,18.98,FALSE,0.11042,"OR [95% CI] = 3.75 [0.74, 18.98], p = 0.11042"
Asian,ADRD + MCI,"Unfavourable, e3/e3",0.59,0.34,1.76,0.07821869331304733,-0.07,1.25,1.8,0.94,3.48,FALSE,0.07822,"OR [95% CI] = 1.8 [0.94, 3.48], p = 0.07822"
Asian,ADRD + MCI,"Unfavourable, e4+",1.1,0.55,2,0.0455881031696872,0.02,2.17,3,1.02,8.8,FALSE,0.04559,"OR [95% CI] = 3 [1.02, 8.8], p = 0.04559"
Asian,ADRD + MCI,"Favourable, e2+",-1.5,0.78,-1.93,0.05409547035546037,-3.03,0.03,0.22,0.05,1.03,FALSE,0.05410,"OR [95% CI] = 0.22 [0.05, 1.03], p = 0.05410"
Asian,ADRD + MCI,"Favourable, e3/e3",-0.91,0.32,-2.86,0.00419205176595622,-1.53,-0.29,0.4,0.22,0.75,FALSE,0.00419,"OR [95% CI] = 0.4 [0.22, 0.75], p = 0.00419"
Asian,ADRD + MCI,"Favourable, e4+",-0.08,0.4,-0.2,0.8378341787493688,-0.87,0.71,0.92,0.42,2.03,FALSE,0.83783,"OR [95% CI] = 0.92 [0.42, 2.03], p = 0.83783"
Asian,ADRD + MCI,"Intermediate, e2+",-0.7,0.35,-1.98,0.047809706760473455,-1.39,-0.01,0.5,0.25,0.99,FALSE,0.04781,"OR [95% CI] = 0.5 [0.25, 0.99], p = 0.04781"
Asian,ADRD + MCI,"Intermediate, e4+",1.22,0.25,4.94,7.747106280792707e-7,0.74,1.71,3.39,2.09,5.51,FALSE,7.7e-07,"OR [95% CI] = 3.39 [2.09, 5.51], p = 7.7e-07"
NHW,ADRD,"Unfavourable, e2+",-0.03,0.19,-0.14,0.8921157049574404,-0.39,0.34,0.97,0.68,1.41,FALSE,0.89212,"OR [95% CI] = 0.97 [0.68, 1.41], p = 0.89212"
NHW,ADRD,"Unfavourable, e3/e3",0.24,0.07,3.5,4.6630055221144666e-4,0.11,0.38,1.28,1.11,1.46,FALSE,0.00047,"OR [95% CI] = 1.28 [1.11, 1.46], p = 0.00047"
NHW,ADRD,"Unfavourable, e4+",1.11,0.08,14.34,1.2506101129125852e-46,0.96,1.27,3.05,2.62,3.55,FALSE,1.3e-46,"OR [95% CI] = 3.05 [2.62, 3.55], p = 1.3e-46"
NHW,ADRD,"Favourable, e2+",-0.66,0.15,-4.36,1.297709035227458e-5,-0.96,-0.37,0.51,0.38,0.69,FALSE,1.3e-05,"OR [95% CI] = 0.51 [0.38, 0.69], p = 1.3e-05"
NHW,ADRD,"Favourable, e3/e3",-0.36,0.07,-5.03,4.900497745974462e-7,-0.5,-0.22,0.7,0.61,0.8,FALSE,4.9e-07,"OR [95% CI] = 0.7 [0.61, 0.8], p = 4.9e-07"
NHW,ADRD,"Favourable, e4+",0.68,0.07,9.12,7.448967824982773e-20,0.53,0.83,1.97,1.7,2.28,FALSE,7.4e-20,"OR [95% CI] = 1.97 [1.7, 2.28], p = 7.4e-20"
NHW,ADRD,"Intermediate, e2+",-0.43,0.09,-4.93,8.400782709514932e-7,-0.6,-0.26,0.65,0.55,0.77,FALSE,8.4e-07,"OR [95% CI] = 0.65 [0.55, 0.77], p = 8.4e-07"
NHW,ADRD,"Intermediate, e4+",1.01,0.05,21.91,2.1740495893425613e-106,0.92,1.1,2.74,2.5,2.99,FALSE,< 1e-100,"OR [95% CI] = 2.74 [2.5, 2.99], p = < 1e-100"
Latinx,ADRD,"Unfavourable, e2+",-0.12,0.85,-0.14,0.8872709150388572,-1.78,1.54,0.89,0.17,4.67,FALSE,0.88727,"OR [95% CI] = 0.89 [0.17, 4.67], p = 0.88727"
Latinx,ADRD,"Unfavourable, e3/e3",0.76,0.23,3.37,7.392260155945692e-4,0.32,1.2,2.14,1.37,3.32,FALSE,0.00074,"OR [95% CI] = 2.14 [1.37, 3.32], p = 0.00074"
Latinx,ADRD,"Unfavourable, e4+",1.45,0.26,5.54,3.06043772191697e-8,0.94,1.96,4.26,2.55,7.1,FALSE,3.1e-08,"OR [95% CI] = 4.26 [2.55, 7.1], p = 3.1e-08"
Latinx,ADRD,"Favourable, e2+",-0.32,0.68,-0.47,0.6400533751605537,-1.64,1.01,0.73,0.19,2.74,FALSE,0.64005,"OR [95% CI] = 0.73 [0.19, 2.74], p = 0.64005"
Latinx,ADRD,"Favourable, e3/e3",-0.51,0.35,-1.45,0.1457391044491968,-1.2,0.18,0.6,0.3,1.19,FALSE,0.14574,"OR [95% CI] = 0.6 [0.3, 1.19], p = 0.14574"
Latinx,ADRD,"Favourable, e4+",0.55,0.39,1.4,0.16108356972277357,-0.22,1.31,1.73,0.8,3.71,FALSE,0.16108,"OR [95% CI] = 1.73 [0.8, 3.71], p = 0.16108"
Latinx,ADRD,"Intermediate, e2+",0.34,0.47,0.72,0.4690507195897647,-0.58,1.26,1.41,0.56,3.54,FALSE,0.46905,"OR [95% CI] = 1.41 [0.56, 3.54], p = 0.46905"
Latinx,ADRD,"Intermediate, e4+",0.82,0.21,3.83,1.2783106459824837e-4,0.4,1.24,2.27,1.49,3.46,FALSE,0.00013,"OR [95% CI] = 2.27 [1.49, 3.46], p = 0.00013"
Black,ADRD,"Unfavourable, e2+",0.44,0.37,1.21,0.2256836645923658,-0.27,1.16,1.56,0.76,3.2,FALSE,0.22568,"OR [95% CI] = 1.56 [0.76, 3.2], p = 0.22568"
Black,ADRD,"Unfavourable, e3/e3",0.36,0.21,1.71,0.0881599625044342,-0.05,0.78,1.44,0.95,2.18,FALSE,0.08816,"OR [95% CI] = 1.44 [0.95, 2.18], p = 0.08816"
Black,ADRD,"Unfavourable, e4+",1.08,0.19,5.6,2.161760585013437e-8,0.7,1.46,2.94,2.01,4.29,FALSE,2.2e-08,"OR [95% CI] = 2.94 [2.01, 4.29], p = 2.2e-08"
Black,ADRD,"Favourable, e2+",-0.19,0.46,-0.42,0.6759072249299024,-1.09,0.71,0.83,0.34,2.02,FALSE,0.67591,"OR [95% CI] = 0.83 [0.34, 2.02], p = 0.67591"
Black,ADRD,"Favourable, e3/e3",0.29,0.29,1.01,0.31274699070988604,-0.28,0.86,1.34,0.76,2.37,FALSE,0.31275,"OR [95% CI] = 1.34 [0.76, 2.37], p = 0.31275"
Black,ADRD,"Favourable, e4+",1.27,0.22,5.67,1.3880561101309193e-8,0.83,1.71,3.57,2.3,5.54,FALSE,1.4e-08,"OR [95% CI] = 3.57 [2.3, 5.54], p = 1.4e-08"
Black,ADRD,"Intermediate, e2+",-0.6,0.28,-2.16,0.031117126708221175,-1.15,-0.05,0.55,0.32,0.95,FALSE,0.03112,"OR [95% CI] = 0.55 [0.32, 0.95], p = 0.03112"
Black,ADRD,"Intermediate, e4+",1.22,0.14,8.66,4.592129401058474e-18,0.95,1.5,3.4,2.58,4.49,FALSE,4.6e-18,"OR [95% CI] = 3.4 [2.58, 4.49], p = 4.6e-18"
Asian,ADRD,"Unfavourable, e2+",0.83,1.01,0.82,0.4101655338760475,-1.15,2.82,2.3,0.32,16.79,FALSE,0.41017,"OR [95% CI] = 2.3 [0.32, 16.79], p = 0.41017"
Asian,ADRD,"Unfavourable, e3/e3",0.58,0.39,1.49,0.13715216917317177,-0.19,1.35,1.79,0.83,3.87,FALSE,0.13715,"OR [95% CI] = 1.79 [0.83, 3.87], p = 0.13715"
Asian,ADRD,"Unfavourable, e4+",1.02,0.63,1.62,0.10505474862297765,-0.21,2.25,2.76,0.81,9.46,FALSE,0.10505,"OR [95% CI] = 2.76 [0.81, 9.46], p = 0.10505"
Asian,ADRD,"Favourable, e2+",-15.71,722.79,-0.02,0.9826635045139558,-1432.37,1400.96,0,0,Inf,FALSE,0.98266,"OR [95% CI] = 0 [0, Inf], p = 0.98266"
Asian,ADRD,"Favourable, e3/e3",-0.71,0.38,-1.84,0.06541711449793794,-1.46,0.05,0.49,0.23,1.05,FALSE,0.06542,"OR [95% CI] = 0.49 [0.23, 1.05], p = 0.06542"
Asian,ADRD,"Favourable, e4+",0.48,0.42,1.14,0.25618488875328393,-0.35,1.31,1.62,0.71,3.71,FALSE,0.25618,"OR [95% CI] = 1.62 [0.71, 3.71], p = 0.25618"
Asian,ADRD,"Intermediate, e2+",-0.31,0.4,-0.78,0.43603544927994015,-1.09,0.47,0.73,0.34,1.6,FALSE,0.43604,"OR [95% CI] = 0.73 [0.34, 1.6], p = 0.43604"
Asian,ADRD,"Intermediate, e4+",1.28,0.28,4.53,5.8899998275719275e-6,0.73,1.83,3.59,2.06,6.24,FALSE,5.9e-06,"OR [95% CI] = 3.59 [2.06, 6.24], p = 5.9e-06"
NHW,AD + MCI,"Unfavourable, e2+",0.17,0.17,0.96,0.334931620832573,-0.17,0.5,1.18,0.84,1.65,FALSE,0.33493,"OR [95% CI] = 1.18 [0.84, 1.65], p = 0.33493"
NHW,AD + MCI,"Unfavourable, e3/e3",0.25,0.07,3.66,2.481490919630741e-4,0.12,0.38,1.28,1.12,1.46,FALSE,0.00025,"OR [95% CI] = 1.28 [1.12, 1.46], p = 0.00025"
NHW,AD + MCI,"Unfavourable, e4+",1.27,0.07,17.02,6.280776410933182e-65,1.12,1.41,3.55,3.07,4.11,FALSE,6.3e-65,"OR [95% CI] = 3.55 [3.07, 4.11], p = 6.3e-65"
NHW,AD + MCI,"Favourable, e2+",-0.93,0.16,-5.81,6.307014955390416e-9,-1.24,-0.61,0.4,0.29,0.54,FALSE,6.3e-09,"OR [95% CI] = 0.4 [0.29, 0.54], p = 6.3e-09"
NHW,AD + MCI,"Favourable, e3/e3",-0.4,0.07,-5.87,4.416895826617274e-9,-0.54,-0.27,0.67,0.58,0.77,FALSE,4.4e-09,"OR [95% CI] = 0.67 [0.58, 0.77], p = 4.4e-09"
NHW,AD + MCI,"Favourable, e4+",0.75,0.07,10.7,1.0702211701294137e-26,0.61,0.89,2.12,1.85,2.43,FALSE,1.1e-26,"OR [95% CI] = 2.12 [1.85, 2.43], p = 1.1e-26"
NHW,AD + MCI,"Intermediate, e2+",-0.32,0.08,-4.01,5.9510841803216934e-5,-0.48,-0.16,0.73,0.62,0.85,FALSE,6.0e-05,"OR [95% CI] = 0.73 [0.62, 0.85], p = 6.0e-05"
NHW,AD + MCI,"Intermediate, e4+",1.09,0.04,24.8,9.88360642059047e-136,1,1.17,2.97,2.72,3.23,FALSE,< 1e-100,"OR [95% CI] = 2.97 [2.72, 3.23], p = < 1e-100"
Latinx,AD + MCI,"Unfavourable, e2+",0.15,0.68,0.22,0.8272643510004324,-1.19,1.48,1.16,0.31,4.41,FALSE,0.82726,"OR [95% CI] = 1.16 [0.31, 4.41], p = 0.82726"
Latinx,AD + MCI,"Unfavourable, e3/e3",0.61,0.2,2.99,0.0028126301707821263,0.21,1.01,1.84,1.23,2.74,FALSE,0.00281,"OR [95% CI] = 1.84 [1.23, 2.74], p = 0.00281"
Latinx,AD + MCI,"Unfavourable, e4+",1.19,0.25,4.8,1.5718065785594835e-6,0.7,1.67,3.28,2.02,5.32,FALSE,1.6e-06,"OR [95% CI] = 3.28 [2.02, 5.32], p = 1.6e-06"
Latinx,AD + MCI,"Favourable, e2+",-0.86,0.67,-1.29,0.19740137236207458,-2.17,0.45,0.42,0.11,1.57,FALSE,0.19740,"OR [95% CI] = 0.42 [0.11, 1.57], p = 0.19740"
Latinx,AD + MCI,"Favourable, e3/e3",-0.35,0.28,-1.28,0.20124156036809412,-0.9,0.19,0.7,0.41,1.21,FALSE,0.20124,"OR [95% CI] = 0.7 [0.41, 1.21], p = 0.20124"
Latinx,AD + MCI,"Favourable, e4+",0.21,0.35,0.61,0.5430597676498923,-0.47,0.89,1.24,0.62,2.44,FALSE,0.54306,"OR [95% CI] = 1.24 [0.62, 2.44], p = 0.54306"
Latinx,AD + MCI,"Intermediate, e2+",0.28,0.42,0.66,0.5073426384026495,-0.54,1.09,1.32,0.58,2.99,FALSE,0.50734,"OR [95% CI] = 1.32 [0.58, 2.99], p = 0.50734"
Latinx,AD + MCI,"Intermediate, e4+",0.74,0.19,3.94,8.208170803475591e-5,0.37,1.11,2.1,1.45,3.03,FALSE,8.2e-05,"OR [95% CI] = 2.1 [1.45, 3.03], p = 8.2e-05"
Black,AD + MCI,"Unfavourable, e2+",0.25,0.33,0.78,0.433742784460708,-0.38,0.89,1.29,0.68,2.44,FALSE,0.43374,"OR [95% CI] = 1.29 [0.68, 2.44], p = 0.43374"
Black,AD + MCI,"Unfavourable, e3/e3",0.04,0.19,0.18,0.8555239571724972,-0.34,0.41,1.04,0.71,1.51,FALSE,0.85552,"OR [95% CI] = 1.04 [0.71, 1.51], p = 0.85552"
Black,AD + MCI,"Unfavourable, e4+",0.9,0.17,5.34,9.098441377608696e-8,0.57,1.24,2.47,1.77,3.44,FALSE,9.1e-08,"OR [95% CI] = 2.47 [1.77, 3.44], p = 9.1e-08"
Black,AD + MCI,"Favourable, e2+",-0.41,0.4,-1.02,0.3090575392031311,-1.2,0.38,0.66,0.3,1.46,FALSE,0.30906,"OR [95% CI] = 0.66 [0.3, 1.46], p = 0.30906"
Black,AD + MCI,"Favourable, e3/e3",0.13,0.25,0.5,0.6164917272338621,-0.37,0.62,1.13,0.69,1.85,FALSE,0.61649,"OR [95% CI] = 1.13 [0.69, 1.85], p = 0.61649"
Black,AD + MCI,"Favourable, e4+",0.97,0.2,4.82,1.45771605246202e-6,0.58,1.37,2.64,1.78,3.92,FALSE,1.5e-06,"OR [95% CI] = 2.64 [1.78, 3.92], p = 1.5e-06"
Black,AD + MCI,"Intermediate, e2+",-0.63,0.22,-2.81,0.0049317738588243384,-1.06,-0.19,0.53,0.34,0.83,FALSE,0.00493,"OR [95% CI] = 0.53 [0.34, 0.83], p = 0.00493"
Black,AD + MCI,"Intermediate, e4+",0.95,0.12,7.91,2.6022480273183024e-15,0.72,1.19,2.6,2.05,3.29,FALSE,2.6e-15,"OR [95% CI] = 2.6 [2.05, 3.29], p = 2.6e-15"
Asian,AD + MCI,"Unfavourable, e2+",1.61,0.83,1.94,0.052712108198195586,-0.02,3.23,4.99,0.98,25.36,FALSE,0.05271,"OR [95% CI] = 4.99 [0.98, 25.36], p = 0.05271"
Asian,AD + MCI,"Unfavourable, e3/e3",0.51,0.36,1.4,0.1626890904462098,-0.21,1.22,1.66,0.81,3.4,FALSE,0.16269,"OR [95% CI] = 1.66 [0.81, 3.4], p = 0.16269"
Asian,AD + MCI,"Unfavourable, e4+",1.3,0.56,2.32,0.02033048067519655,0.2,2.39,3.66,1.22,10.94,FALSE,0.02033,"OR [95% CI] = 3.66 [1.22, 10.94], p = 0.02033"
Asian,AD + MCI,"Favourable, e2+",-1.93,1.05,-1.83,0.06750513393814908,-3.99,0.14,0.15,0.02,1.15,FALSE,0.06751,"OR [95% CI] = 0.15 [0.02, 1.15], p = 0.06751"
Asian,AD + MCI,"Favourable, e3/e3",-1.22,0.39,-3.12,0.001782844987922349,-1.98,-0.45,0.3,0.14,0.63,FALSE,0.00178,"OR [95% CI] = 0.3 [0.14, 0.63], p = 0.00178"
Asian,AD + MCI,"Favourable, e4+",0.01,0.43,0.02,0.9862459407124409,-0.83,0.85,1.01,0.44,2.33,FALSE,0.98625,"OR [95% CI] = 1.01 [0.44, 2.33], p = 0.98625"
Asian,AD + MCI,"Intermediate, e2+",-0.7,0.39,-1.79,0.07411771224193754,-1.46,0.07,0.5,0.23,1.07,FALSE,0.07412,"OR [95% CI] = 0.5 [0.23, 1.07], p = 0.07412"
Asian,AD + MCI,"Intermediate, e4+",1.33,0.26,5.16,2.5080294616215873e-7,0.82,1.83,3.77,2.28,6.24,FALSE,2.5e-07,"OR [95% CI] = 3.77 [2.28, 6.24], p = 2.5e-07"
NHW,AD,"Unfavourable, e2+",-0.22,0.24,-0.94,0.3474266824511508,-0.68,0.24,0.8,0.5,1.27,FALSE,0.34743,"OR [95% CI] = 0.8 [0.5, 1.27], p = 0.34743"
NHW,AD,"Unfavourable, e3/e3",0.22,0.08,2.69,0.007193907450594222,0.06,0.38,1.25,1.06,1.46,FALSE,0.00719,"OR [95% CI] = 1.25 [1.06, 1.46], p = 0.00719"
NHW,AD,"Unfavourable, e4+",1.35,0.08,16.29,1.2078005551582573e-59,1.19,1.51,3.85,3.28,4.53,FALSE,1.2e-59,"OR [95% CI] = 3.85 [3.28, 4.53], p = 1.2e-59"
NHW,AD,"Favourable, e2+",-1.16,0.23,-5.14,2.691596496703801e-7,-1.61,-0.72,0.31,0.2,0.49,FALSE,2.7e-07,"OR [95% CI] = 0.31 [0.2, 0.49], p = 2.7e-07"
NHW,AD,"Favourable, e3/e3",-0.33,0.08,-3.93,8.508947708951149e-5,-0.5,-0.17,0.72,0.61,0.85,FALSE,8.5e-05,"OR [95% CI] = 0.72 [0.61, 0.85], p = 8.5e-05"
NHW,AD,"Favourable, e4+",0.96,0.08,12.05,1.9151805163897002e-33,0.81,1.12,2.62,2.24,3.07,FALSE,1.9e-33,"OR [95% CI] = 2.62 [2.24, 3.07], p = 1.9e-33"
NHW,AD,"Intermediate, e2+",-0.44,0.1,-4.17,3.0369959322544326e-5,-0.64,-0.23,0.65,0.53,0.79,FALSE,3.0e-05,"OR [95% CI] = 0.65 [0.53, 0.79], p = 3.0e-05"
NHW,AD,"Intermediate, e4+",1.22,0.05,23.88,4.757925673356094e-126,1.12,1.32,3.4,3.08,3.76,FALSE,< 1e-100,"OR [95% CI] = 3.4 [3.08, 3.76], p = < 1e-100"
Latinx,AD,"Unfavourable, e2+",0.04,0.85,0.05,0.9612679368233079,-1.62,1.71,1.04,0.2,5.51,FALSE,0.96127,"OR [95% CI] = 1.04 [0.2, 5.51], p = 0.96127"
Latinx,AD,"Unfavourable, e3/e3",0.75,0.24,3.15,0.0016153699909976975,0.28,1.21,2.11,1.33,3.36,FALSE,0.00162,"OR [95% CI] = 2.11 [1.33, 3.36], p = 0.00162"
Latinx,AD,"Unfavourable, e4+",1.53,0.27,5.7,1.2123031648324914e-8,1,2.06,4.62,2.73,7.83,FALSE,1.2e-08,"OR [95% CI] = 4.62 [2.73, 7.83], p = 1.2e-08"
Latinx,AD,"Favourable, e2+",-0.14,0.68,-0.2,0.8413695662282676,-1.47,1.19,0.87,0.23,3.3,FALSE,0.84137,"OR [95% CI] = 0.87 [0.23, 3.3], p = 0.84137"
Latinx,AD,"Favourable, e3/e3",-0.34,0.36,-0.94,0.34626257402200916,-1.03,0.36,0.72,0.36,1.44,FALSE,0.34626,"OR [95% CI] = 0.72 [0.36, 1.44], p = 0.34626"
Latinx,AD,"Favourable, e4+",0.59,0.41,1.43,0.1517523282043846,-0.22,1.41,1.81,0.8,4.08,FALSE,0.15175,"OR [95% CI] = 1.81 [0.8, 4.08], p = 0.15175"
Latinx,AD,"Intermediate, e2+",0.38,0.49,0.76,0.4446808807087741,-0.59,1.34,1.46,0.55,3.83,FALSE,0.44468,"OR [95% CI] = 1.46 [0.55, 3.83], p = 0.44468"
Latinx,AD,"Intermediate, e4+",0.9,0.22,4.05,5.2252317197597426e-5,0.46,1.34,2.46,1.59,3.81,FALSE,5.2e-05,"OR [95% CI] = 2.46 [1.59, 3.81], p = 5.2e-05"
Black,AD,"Unfavourable, e2+",0.23,0.41,0.57,0.5702806243292631,-0.57,1.04,1.26,0.56,2.84,FALSE,0.57028,"OR [95% CI] = 1.26 [0.56, 2.84], p = 0.57028"
Black,AD,"Unfavourable, e3/e3",0.36,0.22,1.63,0.10228616577536338,-0.07,0.8,1.44,0.93,2.22,FALSE,0.10229,"OR [95% CI] = 1.44 [0.93, 2.22], p = 0.10229"
Black,AD,"Unfavourable, e4+",1.11,0.2,5.57,2.4942952742816354e-8,0.72,1.5,3.03,2.05,4.48,FALSE,2.5e-08,"OR [95% CI] = 3.03 [2.05, 4.48], p = 2.5e-08"
Black,AD,"Favourable, e2+",-0.08,0.46,-0.18,0.8554794012655574,-0.98,0.82,0.92,0.37,2.26,FALSE,0.85548,"OR [95% CI] = 0.92 [0.37, 2.26], p = 0.85548"
Black,AD,"Favourable, e3/e3",0.16,0.32,0.5,0.6168395560944139,-0.47,0.79,1.17,0.63,2.19,FALSE,0.61684,"OR [95% CI] = 1.17 [0.63, 2.19], p = 0.61684"
Black,AD,"Favourable, e4+",1.31,0.23,5.63,1.786067003980821e-8,0.85,1.76,3.7,2.35,5.83,FALSE,1.8e-08,"OR [95% CI] = 3.7 [2.35, 5.83], p = 1.8e-08"
Black,AD,"Intermediate, e2+",-0.83,0.32,-2.56,0.010440273849219917,-1.46,-0.19,0.44,0.23,0.82,FALSE,0.01044,"OR [95% CI] = 0.44 [0.23, 0.82], p = 0.01044"
Black,AD,"Intermediate, e4+",1.23,0.15,8.35,6.891106199618951e-17,0.94,1.52,3.43,2.57,4.58,FALSE,6.9e-17,"OR [95% CI] = 3.43 [2.57, 4.58], p = 6.9e-17"
Asian,AD,"Unfavourable, e2+",1.08,1.02,1.06,0.28794645108682876,-0.91,3.07,2.94,0.4,21.56,FALSE,0.28795,"OR [95% CI] = 2.94 [0.4, 21.56], p = 0.28795"
Asian,AD,"Unfavourable, e3/e3",0.39,0.45,0.87,0.38617166177938295,-0.49,1.26,1.47,0.61,3.53,FALSE,0.38617,"OR [95% CI] = 1.47 [0.61, 3.53], p = 0.38617"
Asian,AD,"Unfavourable, e4+",1.26,0.63,2,0.045709868262910715,0.02,2.5,3.53,1.02,12.18,FALSE,0.04571,"OR [95% CI] = 3.53 [1.02, 12.18], p = 0.04571"
Asian,AD,"Favourable, e2+",-15.46,722.82,-0.02,0.9829357115357623,-1432.18,1401.26,0,0,Inf,FALSE,0.98294,"OR [95% CI] = 0 [0, Inf], p = 0.98294"
Asian,AD,"Favourable, e3/e3",-0.97,0.47,-2.08,0.03723549983519939,-1.89,-0.06,0.38,0.15,0.94,FALSE,0.03724,"OR [95% CI] = 0.38 [0.15, 0.94], p = 0.03724"
Asian,AD,"Favourable, e4+",0.63,0.44,1.44,0.15063755278692867,-0.23,1.5,1.88,0.79,4.46,FALSE,0.15064,"OR [95% CI] = 1.88 [0.79, 4.46], p = 0.15064"
Asian,AD,"Intermediate, e2+",-0.42,0.45,-0.92,0.355760405967089,-1.31,0.47,0.66,0.27,1.6,FALSE,0.35576,"OR [95% CI] = 0.66 [0.27, 1.6], p = 0.35576"
Asian,AD,"Intermediate, e4+",1.29,0.3,4.28,1.840050309031124e-5,0.7,1.88,3.63,2.01,6.54,FALSE,1.8e-05,"OR [95% CI] = 3.63 [2.01, 6.54], p = 1.8e-05"
Asian,AD,"Intermediate, e3/e3 (reference)",0,NA,NA,NA,NA,NA,1,NA,NA,TRUE,NA,"OR [95% CI] = 1 [NA, NA], p = NA"
Black,AD,"Intermediate, e3/e3 (reference)",0,NA,NA,NA,NA,NA,1,NA,NA,TRUE,NA,"OR [95% CI] = 1 [NA, NA], p = NA"
Latinx,AD,"Intermediate, e3/e3 (reference)",0,NA,NA,NA,NA,NA,1,NA,NA,TRUE,NA,"OR [95% CI] = 1 [NA, NA], p = NA"
NHW,AD,"Intermediate, e3/e3 (reference)",0,NA,NA,NA,NA,NA,1,NA,NA,TRUE,NA,"OR [95% CI] = 1 [NA, NA], p = NA"
Asian,AD + MCI,"Intermediate, e3/e3 (reference)",0,NA,NA,NA,NA,NA,1,NA,NA,TRUE,NA,"OR [95% CI] = 1 [NA, NA], p = NA"
Black,AD + MCI,"Intermediate, e3/e3 (reference)",0,NA,NA,NA,NA,NA,1,NA,NA,TRUE,NA,"OR [95% CI] = 1 [NA, NA], p = NA"
Latinx,AD + MCI,"Intermediate, e3/e3 (reference)",0,NA,NA,NA,NA,NA,1,NA,NA,TRUE,NA,"OR [95% CI] = 1 [NA, NA], p = NA"
NHW,AD + MCI,"Intermediate, e3/e3 (reference)",0,NA,NA,NA,NA,NA,1,NA,NA,TRUE,NA,"OR [95% CI] = 1 [NA, NA], p = NA"
Asian,ADRD,"Intermediate, e3/e3 (reference)",0,NA,NA,NA,NA,NA,1,NA,NA,TRUE,NA,"OR [95% CI] = 1 [NA, NA], p = NA"
Black,ADRD,"Intermediate, e3/e3 (reference)",0,NA,NA,NA,NA,NA,1,NA,NA,TRUE,NA,"OR [95% CI] = 1 [NA, NA], p = NA"
Latinx,ADRD,"Intermediate, e3/e3 (reference)",0,NA,NA,NA,NA,NA,1,NA,NA,TRUE,NA,"OR [95% CI] = 1 [NA, NA], p = NA"
NHW,ADRD,"Intermediate, e3/e3 (reference)",0,NA,NA,NA,NA,NA,1,NA,NA,TRUE,NA,"OR [95% CI] = 1 [NA, NA], p = NA"
Asian,ADRD + MCI,"Intermediate, e3/e3 (reference)",0,NA,NA,NA,NA,NA,1,NA,NA,TRUE,NA,"OR [95% CI] = 1 [NA, NA], p = NA"
Black,ADRD + MCI,"Intermediate, e3/e3 (reference)",0,NA,NA,NA,NA,NA,1,NA,NA,TRUE,NA,"OR [95% CI] = 1 [NA, NA], p = NA"
Latinx,ADRD + MCI,"Intermediate, e3/e3 (reference)",0,NA,NA,NA,NA,NA,1,NA,NA,TRUE,NA,"OR [95% CI] = 1 [NA, NA], p = NA"
NHW,ADRD + MCI,"Intermediate, e3/e3 (reference)",0,NA,NA,NA,NA,NA,1,NA,NA,TRUE,NA,"OR [95% CI] = 1 [NA, NA], p = NA"
